7 24
-0.364343 1.97818 3.46649 0.973035 -0.224643 -0.0509946 -0.011773
0 0 0 1 0 0 0
2 3 14 1 0 0 0
2 3 5 1 0 0 0
-2 1 0 1 0 0 0
0.5 0.75 0 1 0 0 0
0.7 0 0 1 0 0 0
-0.5 0.75 0 1 0 0 0
-0.7 0 0 1 0 0 0
0.375 -0.75 0 1 0 0 0
0 -1 0 1 0 0 0
-0.375 -0.75 0 1 0 0 0
0 -1 0 1 0 0 0
0 0.75 0 1 0 0 0
2 1 0 1 0 0 0
0.5 0.75 0 1 0 0 0
0.7 0 0 1 0 0 0
-0.5 0.75 0 1 0 0 0
-0.7 0 0 1 0 0 0
0.375 -0.75 0 1 0 0 0
0 -1 0 1 0 0 0
-0.375 -0.75 0 1 0 0 0
0 -1 0 1 0 0 0
0 0.75 0 1 0 0 0
-2.70478e-14 4.96873 9.20101 0.97237 -0.233445 -1.09288e-16 7.58942e-17
0 0 0 1 0 0 0
2 3 14 1 0 0 0
2 3 5 1 0 0 0
-2 1 0 1 0 0 0
0.5 0.75 0 1 0 0 0
0.7 0 0 1 0 0 0
-0.5 0.75 0 1 0 0 0
-0.7 0 0 1 0 0 0
0.375 -0.75 0 1 0 0 0
0 -1 0 1 0 0 0
-0.375 -0.75 0 1 0 0 0
0 -1 0 1 0 0 0
0 0.75 0 1 0 0 0
2 1 0 1 0 0 0
0.5 0.75 0 1 0 0 0
0.7 0 0 1 0 0 0
-0.5 0.75 0 1 0 0 0
-0.7 0 0 1 0 0 0
0.375 -0.75 0 1 0 0 0
0 -1 0 1 0 0 0
-0.375 -0.75 0 1 0 0 0
0 -1 0 1 0 0 0
0 0.75 0 1 0 0 0
-2.70478e-14 4.96873 9.20101 0.97237 -0.233445 -1.09288e-16 7.58942e-17
0 0 0 1 0 0 0
2 3 14 1 0 0 0
2 3 5 1 0 0 0
-2 1 0 1 0 0 0
0.5 0.75 0 1 0 0 0
0.7 0 0 1 0 0 0
-0.5 0.75 0 1 0 0 0
-0.7 0 0 1 0 0 0
0.375 -0.75 0 1 0 0 0
0 -1 0 1 0 0 0
-0.375 -0.75 0 1 0 0 0
0 -1 0 1 0 0 0
0 0.75 0 1 0 0 0
2 1 0 1 0 0 0
0.5 0.75 0 1 0 0 0
0.7 0 0 1 0 0 0
-0.5 0.75 0 1 0 0 0
-0.7 0 0 1 0 0 0
0.375 -0.75 0 1 0 0 0
0 -1 0 1 0 0 0
-0.375 -0.75 0 1 0 0 0
0 -1 0 1 0 0 0
0 0.75 0 1 0 0 0
-2.70478e-14 4.96873 9.20101 0.97237 -0.233445 -1.09288e-16 7.58942e-17
0 0 0 1 0 0 0
2 3 14 1 0 0 0
3.53536 2.73498 -2.52129 0.350724 -0.80649 -0.472018 -0.0613696
-3.26294 2.4468 -0.737183 1 -3.35842e-15 0 0
0.5 0.75 -6.00214e-16 0.946587 0.229808 -0.199619 -0.106364
0.7 -1.23599e-17 -1.57209e-17 0.957006 0.167176 -0.234516 0.034563
-0.5 0.75 -6.39679e-17 0.872371 -0.0316217 0.104522 -0.476492
-0.7 0 0 1 0 0 0
0.375 -0.75 0 1 0 0 0
0 -1 0 1 0 0 0
-0.375 -0.75 0 1 0 0 0
0 -1 0 1 0 0 0
0 0.75 0 1 0 0 0
2 1 0 1 0 0 0
0.5 0.75 0 1 0 0 0
0.7 0 0 1 0 0 0
-0.5 0.75 0 1 0 0 0
-0.7 0 0 1 0 0 0
0.375 -0.75 0 1 0 0 0
0 -1 0 1 0 0 0
-0.375 -0.75 0 1 0 0 0
0 -1 0 1 0 0 0
0 0.75 0 1 0 0 0
5.16523 8.28155 3.75276 0.804209 -0.383588 0.409765 0.195448
0 0 0 1 0 0 0
2 3 14 1 0 0 0
-2.35669 2.23915 -3.3708 0.0618958 -0.704968 -0.673818 -0.212503
-2.54126 1.54255 -0.276444 0.862152 -0.0775783 0.458247 0.201707
0.5 0.75 -4.39579e-15 0.915196 0.00507354 -0.344922 0.208371
0.7 1.55084e-15 -2.39392e-16 0.941622 0.0601578 -0.311285 0.113271
-0.5 0.75 1.2464e-15 0.97581 -0.016843 -0.102917 -0.192142
-0.7 0 0 1 0 0 0
0.375 -0.75 -8.11851e-16 0.451381 -0.158769 0.762843 -0.434877
-6.2797e-16 -1 -2.11636e-16 0.961813 0.172513 -0.127738 0.169815
-0.375 -0.75 1.84575e-15 0.566532 0.221911 0.7926 0.0397821
0 -1 0 1 0 0 0
0 0.75 0 1 0 0 0
2 1 0 1 0 0 0
0.5 0.75 0 1 0 0 0
0.7 0 0 1 0 0 0
-0.5 0.75 0 1 0 0 0
-0.7 0 0 1 0 0 0
0.375 -0.75 0 1 0 0 0
0 -1 0 1 0 0 0
-0.375 -0.75 0 1 0 0 0
0 -1 0 1 0 0 0
0 0.75 0 1 0 0 0
4.72884 8.80649 -3.07095 0.421306 -0.224012 0.775949 0.41258
0 0 0 1 0 0 0
2 3 14 1 0 0 0
0.305682 1.96052 -5.4264 -0.0147533 -0.488676 -0.251548 -0.835285
-3.2096 1.86675 -0.423097 0.321309 -0.366235 0.833574 -0.260358
0.5 0.75 -2.18445e-15 0.824704 0.535753 -0.0949745 0.154313
0.7 1.55084e-15 -2.39392e-16 0.941622 0.0601578 -0.311285 0.113271
-0.5 0.75 1.2464e-15 0.97581 -0.016843 -0.102917 -0.192142
-0.7 -1.85615e-15 -3.75568e-16 0.735606 0.356291 0.173763 0.549315
0.375 -0.75 -9.43787e-15 0.0117542 -0.0715299 0.547674 -0.833546
-6.2797e-16 -1 -2.11636e-16 0.961813 0.172513 -0.127738 0.169815
-0.375 -0.75 1.84575e-15 0.566532 0.221911 0.7926 0.0397821
-1.98973e-15 -1 -8.0231e-17 0.673423 0.469212 -0.563393 0.0945011
0 0.75 0 1 0 0 0
2 1 0 1 0 0 0
0.5 0.75 0 1 0 0 0
0.7 0 0 1 0 0 0
-0.5 0.75 0 1 0 0 0
-0.7 0 0 1 0 0 0
0.375 -0.75 0 1 0 0 0
0 -1 0 1 0 0 0
-0.375 -0.75 0 1 0 0 0
0 -1 0 1 0 0 0
0 0.75 0 1 0 0 0
4.72884 8.80649 -3.07095 0.421306 -0.224012 0.775949 0.41258
0 0 0 1 0 0 0
2 3 14 1 0 0 0
0.305682 1.96052 -5.4264 -0.0147533 -0.488676 -0.251548 -0.835285
-3.2096 1.86675 -0.423097 0.321309 -0.366235 0.833574 -0.260358
0.5 0.75 -2.18445e-15 0.824704 0.535753 -0.0949745 0.154313
0.7 1.55084e-15 -2.39392e-16 0.941622 0.0601578 -0.311285 0.113271
-0.5 0.75 1.2464e-15 0.97581 -0.016843 -0.102917 -0.192142
-0.7 -1.85615e-15 -3.75568e-16 0.735606 0.356291 0.173763 0.549315
0.375 -0.75 -9.43787e-15 0.0117542 -0.0715299 0.547674 -0.833546
-6.2797e-16 -1 -2.11636e-16 0.961813 0.172513 -0.127738 0.169815
-0.375 -0.75 1.84575e-15 0.566532 0.221911 0.7926 0.0397821
-1.98973e-15 -1 -8.0231e-17 0.673423 0.469212 -0.563393 0.0945011
0 0.75 0 1 0 0 0
2 1 0 1 0 0 0
0.5 0.75 0 1 0 0 0
0.7 0 0 1 0 0 0
-0.5 0.75 0 1 0 0 0
-0.7 0 0 1 0 0 0
0.375 -0.75 0 1 0 0 0
0 -1 0 1 0 0 0
-0.375 -0.75 0 1 0 0 0
0 -1 0 1 0 0 0
0 0.75 0 1 0 0 0
